Webots Project File version R2020b
perspectives: 000000ff00000000fd00000003000000000000000000000000fc0100000001fb0000001a0044006f00630075006d0065006e0074006100740069006f006e0000000000ffffffff0000005400ffffff00000001000001240000028dfc0200000001fb0000001400540065007800740045006400690074006f0072010000001a0000028d0000003e00ffffff000000030000078100000159fc0100000001fb0000001a0043006f006e0073006f006c00650041006c006c0041006c006c0100000000000007810000005400ffffff000006570000028d00000001000000020000000100000008fc00000000
simulationViewPerspectives: 000000ff00000001000000020000012c0000052b0100000006010000000100
sceneTreePerspectives: 000000ff000000010000000200000213000000fc0100000006010000000200
maximizedDockId: -1
centralWidgetVisible: 1
orthographicViewHeight: 1
textFiles: -1
consoles: Console:All:All
renderingDevicePerspectives: tesla:console;1;1;0;0
renderingDevicePerspectives: tesla:speedometer;1;1;0.25057;0.0134454
